{
  "nbformat": 4,
  "nbformat_minor": 0,
  "metadata": {
    "colab": {
      "provenance": [],
      "collapsed_sections": [
        "1tN-1279cD21",
        "WzlQJugucJRL",
        "oCYqmcxbcUfx",
        "pJnnjiHacn1G",
        "VrMjq2W2usN3"
      ]
    },
    "kernelspec": {
      "name": "python3",
      "display_name": "Python 3"
    },
    "language_info": {
      "name": "python"
    }
  },
  "cells": [
    {
      "cell_type": "code",
      "execution_count": null,
      "metadata": {
        "id": "jBvMUgbQR1tP"
      },
      "outputs": [],
      "source": [
        "import numpy as np\n",
        "import matplotlib.pyplot as plt"
      ]
    },
    {
      "cell_type": "markdown",
      "source": [
        "## RX-only"
      ],
      "metadata": {
        "id": "1tN-1279cD21"
      }
    },
    {
      "cell_type": "code",
      "source": [
        "### RX 4 NODES CYCLIC ###\n",
        "qfi_4n_cyc_2p_non = np.array([[ 4.98340233, -0.00847359],\n",
        "                              [-0.00847359,  3.97880512]])\n",
        "\n",
        "qfi_4n_cyc_2p_ent = np.array([[2.65483501, 0.01359375],\n",
        "                              [0.01359375, 3.97893845]])\n",
        "\n",
        "qfi_4n_cyc_4p_non = np.array([[ 4.83786037,  2.54858509,  0.02006458, -0.0259856 ],\n",
        "                              [ 2.54858509,  5.35344547, -0.0624844,   0.05040596],\n",
        "                              [ 0.02006458, -0.0624844,   3.98521442,  2.03719276],\n",
        "                              [-0.0259856,   0.05040596,  2.03719276,  5.128447  ]])\n",
        "\n",
        "qfi_4n_cyc_4p_ent = np.array([[ 2.53762909,  1.38726681, -0.02253899, -0.56620113],\n",
        "                              [ 1.38726681,  4.11230629, -0.0223782,  -0.2597266 ],\n",
        "                              [-0.02253899, -0.0223782,   4.00262589, -0.0857848 ],\n",
        "                              [-0.56620113, -0.2597266,  -0.0857848,   4.45223755]])\n",
        "\n",
        "qfi_4n_cyc_6p_non = np.array([[ 5.33111801,  2.72488888,  1.12082829, -0.01882244, -0.11875843, -0.22172668],\n",
        "                              [ 2.72488888,  5.22517548,  2.44605064, -0.18139027,  0.04465221, 0.26340481],\n",
        "                              [ 1.12082829,  2.44605064,  5.38518471, -0.26416069, -0.14544338, 0.14154827],\n",
        "                              [-0.01882244, -0.18139027, -0.26416069,  4.01176678,  2.35532162, 1.27762207],\n",
        "                              [-0.11875843,  0.04465221, -0.14544338,  2.35532162,  5.31439648, 2.70417492],\n",
        "                              [-0.22172668,  0.26340481,  0.14154827,  1.27762207,  2.70417492, 5.18897396]])\n",
        "\n",
        "qfi_4n_cyc_6p_ent = np.array([[ 2.70988678e+00,  1.44473446e+00,  1.27613670e+00, -3.07922363e-03, -6.78780251e-01,  2.36267128e-01],\n",
        "                              [ 1.44473446e+00,  4.17863590e+00,  1.74521896e+00, -1.48753738e-02, -3.59006233e-01, -2.86839561e-01],\n",
        "                              [ 1.27613670e+00,  1.74521896e+00,  4.96727772e+00, -5.33571243e-02, -1.87262611e-01, -2.79766121e-01],\n",
        "                              [-3.07922363e-03, -1.48753738e-02, -5.33571243e-02,  3.99373463e+00, 4.10743332e-02,  1.30661392e-02],\n",
        "                              [-6.78780251e-01, -3.59006233e-01, -1.87262611e-01,  4.10743332e-02, 4.38760521e+00,  5.61046448e-01],\n",
        "                              [ 2.36267128e-01, -2.86839561e-01, -2.79766121e-01,  1.30661392e-02, 5.61046448e-01,  4.16928246e+00]])\n",
        "\n",
        "### RX 4 NODES COMPLETE ###\n",
        "qfi_4n_com_2p_non = np.array([[8.72478031, 0.17286438],\n",
        "                              [0.17286438, 6.01356079]])\n",
        "\n",
        "qfi_4n_com_2p_ent = np.array([[2.74139313, -0.60933445],\n",
        "                              [-0.60933445,  6.01217072]])\n",
        "\n",
        "qfi_4n_com_4p_non = np.array([[7.56628555, -0.12402279,  0.08996674, -0.08486652],\n",
        "                              [-0.12402279,  8.26273632,  0.44884792, -0.07471825],\n",
        "                              [ 0.08996674,  0.44884792,  5.96966141,  1.2049268 ],\n",
        "                              [-0.08486652, -0.07471825,  1.2049268,   7.90821999]])\n",
        "\n",
        "qfi_4n_com_4p_ent = np.array([[ 2.70310608,  0.86926632, -0.72937534, -0.00828949],\n",
        "                              [ 0.86926632,  2.79867111, -0.52548038, -0.30576233],\n",
        "                              [-0.72937534, -0.52548038,  6.01036617,  1.38456917],\n",
        "                              [-0.00828949, -0.30576233,  1.38456917,  6.60407272]])\n",
        "\n",
        "qfi_4n_com_6p_non = np.array([[ 9.05346172, -0.2107658,   0.06371395,  0.0463187,  -0.14551689, 0.60612724],\n",
        "                              [-0.2107658,   7.73462463, -0.86935326, -0.15613483, -0.21791973, 0.0810146 ],\n",
        "                              [ 0.06371395, -0.86935326,  7.98775555, -0.50199501,  0.54621716, 0.08414097],\n",
        "                              [ 0.0463187,  -0.15613483, -0.50199501,  5.9601503,   1.02530003, 0.09356808],\n",
        "                              [-0.14551689, -0.21791973,  0.54621716,  1.02530003,  8.03764286, 2.68535355],\n",
        "                              [ 0.60612724,  0.0810146,   0.08414097,  0.09356808,  2.68535355, 8.51963295]])\n",
        "\n",
        "qfi_4n_com_6p_ent = np.array([[ 2.75209934,  0.79263927,  0.22524582, -0.26276108,  0.09542015, 0.06153214],\n",
        "                              [ 0.79263927,  2.71901791,  0.53828419, -0.19340927, -0.29756439, 0.16420837],\n",
        "                              [ 0.22524582,  0.53828419,  3.18430161, -0.52994938, -0.29748238, -0.44728077],\n",
        "                              [-0.26276108, -0.19340927, -0.52994938,  5.93553974,  1.10239395, 0.11920555],\n",
        "                              [ 0.09542015, -0.29756439, -0.29748238,  1.10239395,  5.89630173, 0.69788147],\n",
        "                              [ 0.06153214,  0.16420837, -0.44728077,  0.11920555,  0.69788147, 5.69537582]])\n",
        "\n",
        "### RX 7 NODE CYCLIC ###\n",
        "qfi_7n_cyc_2p_non = np.array([[ 6.01313927, -0.04798744],\n",
        "                              [-0.04798744,  6.99813412]])\n",
        "\n",
        "qfi_7n_cyc_2p_ent = np.array([[ 7.69366997e+00, -5.15560150e-03],\n",
        "                              [-5.15560150e-03,  6.99685547e+00]])\n",
        "\n",
        "qfi_7n_cyc_4p_non = np.array([[ 5.97774437e+00,  2.30107944e+00, -5.36518097e-03, -8.13690948e-02],\n",
        "                              [ 2.30107944e+00,  7.02952320e+00,  3.51094208e-01, -4.89236565e-01],\n",
        "                              [-5.36518097e-03,  3.51094208e-01,  6.95597061e+00,  1.41629608e+00],\n",
        "                              [-8.13690948e-02, -4.89236565e-01,  1.41629608e+00,  7.26891861e+00]])\n",
        "\n",
        "qfi_7n_cyc_4p_ent = np.array([[ 7.19781429,  1.74724674, -0.04522877, -0.5709206 ],\n",
        "                              [ 1.74724674, 10.9233149,  -0.49628456, -1.00851425],\n",
        "                              [-0.04522877, -0.49628456,  6.97970932, -0.01594242],\n",
        "                              [-0.5709206,  -1.00851425, -0.01594242,  7.73913857]])\n",
        "\n",
        "qfi_7n_cyc_6p_non = np.array([[ 6.09830067,  2.47078209,  1.26775978,  0.01778938,  0.14751858, -0.2825182 ],\n",
        "                              [ 2.47078209,  7.15647903,  2.84600803, -0.33933254, -0.20269306, -0.70029831],\n",
        "                              [ 1.26775978,  2.84600803,  7.59452374, -0.32033375, -0.45117146, -0.64256725],\n",
        "                              [ 0.01778938, -0.33933254, -0.32033375,  7.02417553,  1.60854214, 0.75725922],\n",
        "                              [ 0.14751858, -0.20269306, -0.45117146,  1.60854214,  7.41223053, 2.57134941],\n",
        "                              [-0.2825182,  -0.70029831, -0.64256725,  0.75725922,  2.57134941, 7.71850208]])\n",
        "\n",
        "qfi_7n_cyc_6p_ent = np.array([[ 7.87297623,  1.97674942,  1.14930557, -0.05451984, -0.7303738, 1.07967537],\n",
        "                              [ 1.97674942, 10.97746727,  2.16864006, -0.43094063, -1.00809124, -0.03245564],\n",
        "                              [ 1.14930557,  2.16864006,  9.10862289,  0.11753872, -0.56978577, -0.62149483],\n",
        "                              [-0.05451984, -0.43094063,  0.11753872,  6.96096859, -0.15305588, -0.14653309],\n",
        "                              [-0.7303738,  -1.00809124, -0.56978577, -0.15305588,  7.69967819, 0.88623272],\n",
        "                              [ 1.07967537, -0.03245564, -0.62149483, -0.14653309,  0.88623272, 7.5150246 ]])\n",
        "\n",
        "\n",
        "### RX 7 NODE COMPLETE ###\n",
        "qfi_7n_com_2p_non = np.array([[17.2485421,  -6.67021801],\n",
        "                              [-6.67021801, 20.876497]])\n",
        "\n",
        "qfi_7n_com_2p_ent = np.array([[ 9.1401046,  -4.6185107 ],\n",
        "                              [-4.6185107,  20.82459084]])\n",
        "\n",
        "qfi_7n_com_4p_non = np.array([[16.07032696,  3.09025551, -6.41540443, -8.55338749],\n",
        "                              [ 3.09025551, 17.37563499, -1.1120612,  -5.67269318],\n",
        "                              [-6.41540443, -1.1120612,  21.07434872,  3.84779331],\n",
        "                              [-8.55338749, -5.67269318,  3.84779331, 45.29117443]])\n",
        "\n",
        "qfi_7n_com_4p_ent = np.array([[ 8.85119884,  3.32657112, -4.2918885,   0.49245636],\n",
        "                              [ 3.32657112, 10.27173443, -1.75486687, -2.26674755],\n",
        "                              [-4.2918885,  -1.75486687, 20.72673428,  3.61842182],\n",
        "                              [ 0.49245636, -2.26674755,  3.61842182, 22.44842175]])\n",
        "\n",
        "qfi_7n_com_6p_non = np.array([[15.61560268,  2.11136211,  0.24294979, -6.89331856, -9.882383, -2.49482567],\n",
        "                              [ 2.11136211, 15.44046959,  3.83479313, -2.23221203, -6.33611607, -6.7022575],\n",
        "                              [ 0.24294979,  3.83479313, 16.31975269, -0.09681385, -3.08866768, -8.62541401],\n",
        "                              [-6.89331856, -2.23221203, -0.09681385, 20.88915058,  7.51329475, 0.56085243],\n",
        "                              [-9.882383,   -6.33611607, -3.08866768,  7.51329475, 47.6252618, 11.87869164],\n",
        "                              [-2.49482567, -6.7022575,  -8.62541401,  0.56085243, 11.87869164, 60.8627953]])\n",
        "\n",
        "qfi_7n_com_6p_ent = np.array([[ 9.42905373,  3.83360325,  1.68538971, -3.96868122,  0.70774448, 0.69032074],\n",
        "                              [ 3.83360325, 10.61471214,  2.8587627,  -2.16253597, -2.65613155, 0.86404675],\n",
        "                              [ 1.68538971,  2.8587627,   9.19088017, -0.74257271, -0.89784435, -1.52905956],\n",
        "                              [-3.96868122, -2.16253597, -0.74257271, 21.03408764,  3.84862259, 1.515835],\n",
        "                              [ 0.70774448, -2.65613155, -0.89784435,  3.84862259, 23.36684536, 3.2248798],\n",
        "                              [ 0.69032074,  0.86404675, -1.52905956,  1.515835,    3.2248798, 23.22327835]])\n",
        "\n",
        "\n",
        "### RX 10 NODE CYCLIC ###\n",
        "qfi_10n_cyc_2p_non = np.array([[ 8.64335766e+00, -8.17951202e-03],\n",
        "                              [-8.17951202e-03,  9.96181759e+00]])\n",
        "\n",
        "qfi_10n_cyc_2p_ent = np.array([[14.43529896,  0.03161091],\n",
        "                              [ 0.03161091,  9.89322762]])\n",
        "\n",
        "qfi_10n_cyc_4p_non = np.array([[ 8.91653027,  3.77750469,  0.05581108,  0.07210087],\n",
        "                              [ 3.77750469,  9.88316998, -0.33186573,  0.23674313],\n",
        "                              [ 0.05581108, -0.33186573, 10.0147908,   2.6471312 ],\n",
        "                              [ 0.07210087,  0.23674313,  2.6471312,  10.50804184]])\n",
        "\n",
        "qfi_10n_cyc_4p_ent = np.array([[15.18660423,  3.68000511, -0.06571335, -1.07241058],\n",
        "                              [ 3.68000511, 20.44703056, -0.05831123, -1.53858765],\n",
        "                              [-0.06571335, -0.05831123, 10.00055092, -0.06055721],\n",
        "                              [-1.07241058, -1.53858765, -0.06055721, 11.29881489]])\n",
        "\n",
        "qfi_10n_cyc_6p_non = np.array([[ 8.71299667e+00,  3.46352718e+00,  1.64288464e+00,  2.22234344e-02, 7.21397400e-03, -6.73314285e-02],\n",
        "                              [ 3.46352718e+00,  1.03554387e+01,  4.83666622e+00,  6.87933578e-01, 2.83600616e-02,  1.11111069e-02],\n",
        "                              [ 1.64288464e+00,  4.83666622e+00,  1.13874710e+01,  1.64857864e-02, 1.34703293e-01, -1.47940979e-01],\n",
        "                              [ 2.22234344e-02,  6.87933578e-01,  1.64857864e-02,  9.98215275e+00, 1.79996971e+00,  1.35148949e+00],\n",
        "                              [ 7.21397400e-03,  2.83600616e-02,  1.34703293e-01,  1.79996971e+00, 1.02158500e+01,  3.03833817e+00],\n",
        "                              [-6.73314285e-02,  1.11111069e-02, -1.47940979e-01,  1.35148949e+00, 3.03833817e+00,  1.12034163e+01]])\n",
        "\n",
        "qfi_10n_cyc_6p_ent = np.array([[ 1.51224307e+01,  3.49013622e+00,  1.45019547e+00,  2.72002411e-02, -1.03962074e+00,  2.36018570e+00],\n",
        "                              [ 3.49013622e+00,  1.95220224e+01,  3.56299160e+00, -6.53223038e-02, -1.42479099e+00, -4.76197891e-01],\n",
        "                              [ 1.45019547e+00,  3.56299160e+00,  1.50285251e+01, -1.28710518e-01, -3.04636230e-01, -7.98682213e-01],\n",
        "                              [ 2.72002411e-02, -6.53223038e-02, -1.28710518e-01,  9.88874802e+00, -7.09229279e-02, -4.96246338e-03],\n",
        "                              [-1.03962074e+00, -1.42479099e+00, -3.04636230e-01, -7.09229279e-02, 1.07195520e+01,  1.60127628e+00],\n",
        "                              [ 2.36018570e+00, -4.76197891e-01, -7.98682213e-01, -4.96246338e-03, 1.60127628e+00,  1.18037316e+01]])\n",
        "\n",
        "\n",
        "### RX 10 NODE COMPLETE ###\n",
        "qfi_10n_com_2p_non = np.array([[48.93196926, -2.43069038],\n",
        "                              [-2.43069038, 45.30388855]])\n",
        "\n",
        "qfi_10n_com_2p_ent = np.array([[17.60200008, -3.10997063],\n",
        "                               [-3.10997063, 45.10765179]])\n",
        "\n",
        "qfi_10n_com_4p_non = np.array([[ 4.95780600e+01, -1.23267673e+00, -2.86082954e+00, -4.85600685e+00],\n",
        "                              [-1.23267673e+00,  4.41024321e+01,  3.33583069e-02, -6.05160015e+00],\n",
        "                              [-2.86082954e+00,  3.33583069e-02,  4.50815340e+01,  1.88606215e+01],\n",
        "                              [-4.85600685e+00, -6.05160015e+00,  1.88606215e+01,  1.89726342e+02]])\n",
        "\n",
        "qfi_10n_com_4p_ent = np.array([[17.77477257,  4.87498154, -5.47957275,  1.01508198],\n",
        "                              [ 4.87498154, 13.49005096, -0.82317627, -1.1381818 ],\n",
        "                              [-5.47957275, -0.82317627, 44.7887534,   6.40125572],\n",
        "                              [ 1.01508198, -1.1381818,   6.40125572, 47.94761929]])\n",
        "\n",
        "qfi_10n_com_6p_non = np.array([[ 4.77681590e+01,  1.94015060e+00,  1.41890797e+00,  1.08892487e+00, 3.41193851e+00,  4.09171997e+00],\n",
        "                              [ 1.94015060e+00,  4.41660015e+01, -7.94596252e-01,  8.06856194e-01, -1.59052788e+00, -5.21886246e+00],\n",
        "                              [ 1.41890797e+00, -7.94596252e-01,  4.03448664e+01,  9.65149994e-01, -4.49093628e-02,  3.05695358e+00],\n",
        "                              [ 1.08892487e+00,  8.06856194e-01,  9.65149994e-01,  4.50303988e+01, 2.23071599e+01,  8.06631409e+00],\n",
        "                              [ 3.41193851e+00, -1.59052788e+00, -4.49093628e-02,  2.23071599e+01, 1.84755929e+02,  6.72154291e+01],\n",
        "                              [ 4.09171997e+00, -5.21886246e+00,  3.05695358e+00,  8.06631409e+00, 6.72154291e+01,  2.48927825e+02]])\n",
        "\n",
        "qfi_10n_com_6p_ent = np.array([[18.15267803,  5.73892433,  0.59996189, -4.19368328,  1.17457497, 1.0332402 ],\n",
        "                               [ 5.73892433, 13.95906841,  1.87681713, -0.83022041, -1.35342056, 0.87324154],\n",
        "                               [ 0.59996189,  1.87681713, 13.22658276, -0.60751942, -0.49120411, -0.92217617],\n",
        "                               [-4.19368328, -0.83022041, -0.60751942, 44.96892586,  6.54925018, 3.68428028],\n",
        "                               [ 1.17457497, -1.35342056, -0.49120411,  6.54925018, 47.3403698, 5.05038197],\n",
        "                               [ 1.0332402,   0.87324154, -0.92217617,  3.68428028,  5.05038197, 47.51301994]])\n",
        "\n",
        "\n",
        "matrices_3p_non_cyc = [qfi_4n_cyc_2p_non, qfi_7n_cyc_2p_non, qfi_10n_cyc_2p_non]\n",
        "matrices_3p_ent_cyc = [qfi_4n_cyc_2p_ent, qfi_7n_cyc_2p_ent, qfi_10n_cyc_2p_ent]\n",
        "matrices_3p_non_com = [qfi_4n_com_2p_non, qfi_7n_com_2p_non, qfi_10n_com_2p_non]\n",
        "matrices_3p_ent_com = [qfi_4n_com_2p_ent, qfi_7n_com_2p_ent, qfi_10n_com_2p_ent]\n",
        "matrices_6p_non_cyc = [qfi_4n_cyc_4p_non, qfi_7n_cyc_4p_non, qfi_10n_cyc_4p_non]\n",
        "matrices_6p_ent_cyc = [qfi_4n_cyc_4p_ent, qfi_7n_cyc_4p_ent, qfi_10n_cyc_4p_ent] # corregir matriz\n",
        "matrices_6p_non_com = [qfi_4n_com_4p_non, qfi_7n_com_4p_non, qfi_10n_com_4p_non]\n",
        "matrices_6p_ent_com = [qfi_4n_com_4p_ent, qfi_7n_com_4p_ent, qfi_10n_com_4p_ent]\n",
        "matrices_9p_non_cyc = [qfi_4n_cyc_6p_non, qfi_7n_cyc_6p_non, qfi_10n_cyc_6p_non] # corregir matriz\n",
        "matrices_9p_ent_cyc = [qfi_4n_cyc_6p_ent, qfi_7n_cyc_6p_ent, qfi_10n_cyc_6p_ent]\n",
        "matrices_9p_non_com = [qfi_4n_com_6p_non, qfi_7n_com_6p_non, qfi_10n_com_6p_non]\n",
        "matrices_9p_ent_com = [qfi_4n_com_6p_ent, qfi_7n_com_6p_ent, qfi_10n_com_6p_ent]\n",
        "\n",
        "list_of_matrices_cyclic_non = [matrices_3p_non_cyc, matrices_6p_non_cyc, matrices_9p_non_cyc]\n",
        "list_of_matrices_cyclic_ent = [matrices_3p_ent_cyc, matrices_6p_ent_cyc, matrices_9p_ent_cyc]\n",
        "list_of_matrices_complete_non = [matrices_3p_non_com, matrices_6p_non_com, matrices_9p_non_com]\n",
        "list_of_matrices_complete_ent = [matrices_3p_ent_com, matrices_6p_ent_com, matrices_9p_ent_com]"
      ],
      "metadata": {
        "id": "eARaRRNOb79c"
      },
      "execution_count": null,
      "outputs": []
    },
    {
      "cell_type": "markdown",
      "source": [
        "## RX-RY"
      ],
      "metadata": {
        "id": "WzlQJugucJRL"
      }
    },
    {
      "cell_type": "code",
      "source": [
        "### RX-RY 4 NODES CYCLIC ###\n",
        "qfi_4n_cyc_3p_non = np.array([[5.15840813,  0.00637222,  0.02085323], [ 0.00637222,  4.54038975, -0.01856945], [ 0.02085323, -0.01856945,  3.98394115]])\n",
        "\n",
        "qfi_4n_cyc_3p_ent = np.array([[ 5.36271542e+00,  6.59412384e-02, -2.59700775e-03], [ 6.59412384e-02,  4.00639553e+00, -2.21155090e-01], [-2.59700775e-03, -2.21155090e-01,  3.98918354e+00]])\n",
        "\n",
        "qfi_4n_cyc_6p_non = np.array([[ 5.33630573e+00,  3.17830658e-02, 2.15129089e-02,  8.70930099e-02, -1.98371124e-02,  1.08567089e+00],\n",
        "  [ 3.17830658e-02,  5.37596542e+00,  2.46668167e-01,  1.84871826e-01, -1.80668526e-01, -2.67769279e-01],\n",
        "  [ 2.15129089e-02,  2.46668167e-01,  4.57699017e+00, -2.28411674e-01, 3.15494537e-03, -1.73531876e-01],\n",
        "  [ 8.70930099e-02,  1.84871826e-01, -2.28411674e-01,  5.08460766e+00, -1.48583221e-02, -3.29562378e-02],\n",
        "  [-1.98371124e-02, -1.80668526e-01,  3.15494537e-03, -1.48583221e-02, 4.00102669e+00,  1.07742401e+00],\n",
        "  [ 1.08567089e+00, -2.67769279e-01, -1.73531876e-01, -3.29562378e-02, 1.07742401e+00,  7.20295822e+00]])\n",
        "\n",
        "qfi_4n_cyc_6p_ent = np.array([[ 5.05244480e+00, -3.24592781e-01, -1.05230980e-01,  2.97729111e-02, 8.29238892e-03,  2.54640999e+00],\n",
        "  [-3.24592781e-01,  4.58159683e+00, -1.28322639e-01,  3.04314804e-02, -2.40042496e-01,  6.01454163e-02],\n",
        "  [-1.05230980e-01, -1.28322639e-01,  3.79060070e+00, -1.14956436e-01, -1.06597748e-01,  1.78340912e-03],\n",
        "  [ 2.97729111e-02,  3.04314804e-02, -1.14956436e-01,  4.05949810e+00, -1.37422791e-01, -7.80551147e-02],\n",
        "  [ 8.29238892e-03, -2.40042496e-01, -1.06597748e-01, -1.37422791e-01, 3.97919289e+00, -7.65333176e-02],\n",
        "  [ 2.54640999e+00,  6.01454163e-02,  1.78340912e-03, -7.80551147e-02, -7.65333176e-02,  5.07492931e+00]])\n",
        "\n",
        "qfi_4n_cyc_9p_non = np.array([[ 5.07004852e+00,  4.51326180e-01,  1.02533722e-02,  8.69689941e-03, -2.01945381e-01,  2.33239746e-02,  7.60829926e-03,  1.07161507e+00, 5.94253197e-01],\n",
        "  [ 4.51326180e-01,  5.07530140e+00,  2.03785896e-01, -5.12525940e-02, -1.33369026e-01,  3.41227226e-01,  1.37603989e-01, -2.01961517e-03, -6.61572647e-02],\n",
        "  [ 1.02533722e-02,  2.03785896e-01,  4.93718113e+00, -1.17540550e-01, 2.18998260e-01, -4.87163544e-02, -2.19768600e-01, -5.14033127e-02, -1.04946060e-01],\n",
        "  [ 8.69689941e-03, -5.12525940e-02, -1.17540550e-01,  4.66681614e+00, -3.71950226e-01, -7.25069809e-02,  9.70905304e-03, -2.12152214e-01, 1.61709442e-01],\n",
        "  [-2.01945381e-01, -1.33369026e-01,  2.18998260e-01, -3.71950226e-01, 4.44433922e+00, -8.61667633e-03, -4.30472946e-02, -2.35325699e-01, 8.93928528e-03],\n",
        "  [ 2.33239746e-02,  3.41227226e-01, -4.87163544e-02, -7.25069809e-02, -8.61667633e-03,  5.67869625e+00, -5.60594177e-02,  3.83021545e-02, -3.92441940e-02],\n",
        "  [ 7.60829926e-03,  1.37603989e-01, -2.19768600e-01,  9.70905304e-03, -4.30472946e-02, -5.60594177e-02,  4.00286621e+00,  1.20976639e+00, 1.26781311e-01],\n",
        "  [ 1.07161507e+00, -2.01961517e-03, -5.14033127e-02, -2.12152214e-01, -2.35325699e-01,  3.83021545e-02,  1.20976639e+00,  6.66951767e+00, 1.90729019e+00],\n",
        "  [ 5.94253197e-01, -6.61572647e-02, -1.04946060e-01,  1.61709442e-01, 8.93928528e-03, -3.92441940e-02,  1.26781311e-01,  1.90729019e+00, 7.01541199e+00]])\n",
        "\n",
        "qfi_4n_cyc_9p_ent = np.array([[ 4.97143585e+00, -1.44572449e-01, -2.28893967e-01, -9.01031494e-05, 1.13381805e-01, -1.19014740e-03,  1.69879532e-02,  2.38666027e+00, -4.88877487e-02],\n",
        "  [-1.44572449e-01,  4.67402107e+00,  6.26155090e-02, -8.33080673e-02, 1.65341949e-02, -9.30122375e-03, -7.69454575e-02, -6.23465347e-02, 1.99555634e+00],\n",
        "  [-2.28893967e-01,  6.26155090e-02,  3.97139717e+00,  1.21973000e-01, 2.62611771e-02,  1.29974365e-02, -7.82864761e-02, -2.09195175e-01, 1.08700409e-01],\n",
        "  [-9.01031494e-05, -8.33080673e-02,  1.21973000e-01,  3.95489212e+00, 3.98979950e-02,  6.55095291e-02,  2.39719391e-02,  1.11820984e-02, -1.20070496e-01],\n",
        "  [ 1.13381805e-01,  1.65341949e-02,  2.62611771e-02,  3.98979950e-02, 3.99106712e+00,  6.98623657e-03,  1.25640106e-01, -2.91395187e-02, 5.13716888e-02],\n",
        "  [-1.19014740e-03, -9.30122375e-03,  1.29974365e-02,  6.55095291e-02, 6.98623657e-03,  3.82746250e+00,  7.00630188e-03, -8.94974899e-02, -7.67662430e-02],\n",
        "  [ 1.69879532e-02, -7.69454575e-02, -7.82864761e-02,  2.39719391e-02, 1.25640106e-01,  7.00630188e-03,  4.00087440e+00, -1.42162437e-01, 1.45878220e-02],\n",
        "  [ 2.38666027e+00, -6.23465347e-02, -2.09195175e-01,  1.11820984e-02, -2.91395187e-02, -8.94974899e-02, -1.42162437e-01,  5.23524651e+00, -6.31439209e-03],\n",
        "  [-4.88877487e-02,  1.99555634e+00,  1.08700409e-01, -1.20070496e-01, 5.13716888e-02, -7.67662430e-02, 1.45878220e-02, -6.31439209e-03, 4.33310207e+00]])\n",
        "\n",
        "### RX-RY 4 NODES COMPLETE ###\n",
        "qfi_4n_com_3p_non = np.array([[ 8.66359962e+00,  8.41129303e-03, -4.32473221e-01],\n",
        "  [ 8.41129303e-03,  5.63193607e+00, -6.82762146e-03],\n",
        "  [-4.32473221e-01, -6.82762146e-03,  5.98700035e+00]])\n",
        "\n",
        "qfi_4n_com_3p_ent = np.array([[ 8.24123913e+00,  4.15387726e-02,  5.44087219e-02],\n",
        "  [ 4.15387726e-02,  3.97407818e+00, -3.54492187e-03],\n",
        "  [ 5.44087219e-02, -3.54492187e-03,  6.00573040e+00]])\n",
        "\n",
        "qfi_4n_com_6p_non = np.array([[ 7.8477702,  -0.61720654,  0.0139595,  -1.03880909,  0.2542548,\n",
        "   -0.23183609],\n",
        "  [-0.61720654,  6.60193089, -0.35268433,  0.01142109,  0.05273903,\n",
        "   -0.08694309],\n",
        "  [ 0.0139595,  -0.35268433,  5.68778736, -0.39309204, -0.01070091,\n",
        "   -0.09723797],\n",
        "  [-1.03880909,  0.01142109, -0.39309204,  6.23027901, -0.3056913,\n",
        "    0.44535873],\n",
        "  [ 0.2542548,   0.05273903, -0.01070091, -0.3056913,   6.00344463,\n",
        "   -1.21153358],\n",
        "  [-0.23183609, -0.08694309, -0.09723797,  0.44535873, -1.21153358,\n",
        "    8.98890846]])\n",
        "\n",
        "qfi_4n_com_6p_ent = np.array([[ 6.89220173, -0.16913265, -0.02422588,  0.00830479, -0.24300461,\n",
        "    3.52438339],\n",
        "  [-0.16913265,  4.18851048,  0.17052757,  0.05873302, -0.0100547,\n",
        "   -0.06641758],\n",
        "  [-0.02422588,  0.17052757,  3.9852512,   0.07200546,  0.21415287,\n",
        "   -0.03554028],\n",
        "  [ 0.00830479,  0.05873302,  0.07200546,  3.92885933, -0.14015366,\n",
        "    0.13317883],\n",
        "  [-0.24300461, -0.0100547,   0.21415287, -0.14015366,  6.01417213,\n",
        "   -0.57985882],\n",
        "  [ 3.52438339, -0.06641758, -0.03554028,  0.13317883, -0.57985882,\n",
        "    7.98049343]])\n",
        "\n",
        "qfi_4n_com_9p_non = np.array([[ 8.48281895e+00, -3.47138252e-01,  2.72471695e-01, -3.19978333e-02, 6.01502190e-01, -8.53706360e-02,  1.88527527e-01, -8.97940063e-02,\n",
        "   -2.54718323e-01],\n",
        "  [-3.47138252e-01,  6.37527870e+00,  2.52879028e-01, -1.85490875e-01, 1.04175720e-01, -4.78330994e-02, -1.47042580e-01, -4.16830826e-01,\n",
        "    3.37655334e-01],\n",
        "  [ 2.72471695e-01,  2.52879028e-01,  6.73035789e+00, -2.63793602e-01, -2.11472321e-02, -3.88256836e-02,  1.48922386e-01,  3.02663536e-01,\n",
        "    2.15761375e-01],\n",
        "  [-3.19978333e-02, -1.85490875e-01, -2.63793602e-01,  5.49524307e+00, -4.07667580e-01,  2.63683701e-02, -1.89121246e-03, -5.58661652e-02,\n",
        "    3.37159729e-02],\n",
        "  [ 6.01502190e-01,  1.04175720e-01, -2.11472321e-02, -4.07667580e-01, 6.07075790e+00, -3.62184715e-01, -9.05202103e-02,  1.89016571e-01,\n",
        "   -5.11761856e-02],\n",
        "  [-8.53706360e-02, -4.78330994e-02, -3.88256836e-02,  2.63683701e-02, -3.62184715e-01,  6.51708813e+00,  4.58979874e-01,  2.28933220e-01,\n",
        "    1.18421173e-02],\n",
        "  [ 1.88527527e-01, -1.47042580e-01,  1.48922386e-01, -1.89121246e-03, -9.05202103e-02,  4.58979874e-01,  6.03504292e+00, -6.73888702e-01,\n",
        "    3.32373199e-01],\n",
        "  [-8.97940063e-02, -4.16830826e-01,  3.02663536e-01, -5.58661652e-02, 1.89016571e-01,  2.28933220e-01, -6.73888702e-01,  8.29320179e+00,\n",
        "   -9.08133812e-01],\n",
        "  [-2.54718323e-01,  3.37655334e-01,  2.15761375e-01,  3.37159729e-02, -5.11761856e-02,  1.18421173e-02,  3.32373199e-01, -9.08133812e-01,\n",
        "    9.32625484e+00]])\n",
        "\n",
        "qfi_4n_com_9p_ent = np.array([[ 8.00173210e+00,  1.87090149e-01, -3.79980087e-02,  1.36563568e-01,  -5.11235809e-02, -1.05697823e-01,  4.64101067e-01,  3.98170284e+00,\n",
        "    1.27538712e+00],\n",
        "  [ 1.87090149e-01,  4.39084183e+00,  1.45412064e-01,  3.06513214e-02,  -4.95231628e-02,  1.88835144e-03, -1.19569511e-01,  3.31394043e-01,\n",
        "    1.93453335e+00],\n",
        "  [-3.79980087e-02,  1.45412064e-01,  4.00748245e+00,  1.03548317e-01,  -4.24957657e-02, -5.68881989e-02,  3.77928162e-02, -2.63479729e-01,\n",
        "   -7.13174820e-02],\n",
        "  [ 1.36563568e-01,  3.06513214e-02,  1.03548317e-01,  3.88169907e+00,  -4.47065353e-02,  2.55312729e-02,  6.14072418e-02, -5.43635178e-02,\n",
        "   -1.33608627e-02],\n",
        "  [-5.11235809e-02, -4.95231628e-02, -4.24957657e-02, -4.47065353e-02,  3.80096035e+00,  3.72846603e-02, -9.29460526e-02, -3.42642212e-02,\n",
        "   -4.77706528e-02],\n",
        "  [-1.05697823e-01,  1.88835144e-03, -5.68881989e-02,  2.55312729e-02,  3.72846603e-02,  3.85975670e+00, -2.34151459e-02, -2.36407547e-01,\n",
        "    1.49245605e-01],\n",
        "  [ 4.64101067e-01, -1.19569511e-01,  3.77928162e-02,  6.14072418e-02,  -9.29460526e-02, -2.34151459e-02,  5.98862804e+00,  1.77049599e-01,\n",
        "    1.61689377e-01],\n",
        "  [ 3.98170284e+00,  3.31394043e-01, -2.63479729e-01, -5.43635178e-02,  -3.42642212e-02, -2.36407547e-01,  1.77049599e-01,  8.17009945e+00,\n",
        "    6.43704720e-01],\n",
        "  [ 1.27538712e+00,  1.93453335e+00, -7.13174820e-02, -1.33608627e-02,  -4.77706528e-02,  1.49245605e-01,  1.61689377e-01,  6.43704720e-01,\n",
        "    6.54718048e+00]])\n",
        "\n",
        "### RX-RY 7 NODE CYCLIC ###\n",
        "qfi_7n_cyc_3p_non = np.array([[ 6.22144463e+00,  4.68902588e-02,  1.43634796e-03], [ 4.68902588e-02,  7.30213520e+00, -5.33466339e-03], [ 1.43634796e-03, -5.33466339e-03,  6.99400806e+00]])\n",
        "\n",
        "qfi_7n_cyc_3p_ent = np.array([[ 5.9667395, 0.02623341, -0.02956547], [ 0.02623341, 11.76406609, -0.25032291], [-0.02956547, -0.25032291,  6.99128323]])\n",
        "\n",
        "qfi_7n_cyc_6p_non = np.array([[ 5.91713757,  0.27171097, -0.01976887,  0.28780975, -0.04055847, 2.09920887],\n",
        "  [ 0.27171097,  8.29855865, -0.23787563, -0.06636589,  0.1289048, 0.17159203],\n",
        "  [-0.01976887, -0.23787563,  8.27528709,  0.26567032, -0.03104187, -0.02858273],\n",
        "  [ 0.28780975, -0.06636589,  0.26567032,  7.15710575, -0.18408302, -0.05308903],\n",
        "  [-0.04055847,  0.1289048,  -0.03104187, -0.18408302,  6.93433456, 1.07667278],\n",
        "  [ 2.09920887,  0.17159203, -0.02858273, -0.05308903,  1.07667278, 7.61150745]])\n",
        "\n",
        "qfi_7n_cyc_6p_ent = np.array([[ 5.71608055,  0.0370662,  0.02744133,  0.04382603, -0.01295311, 2.11360294],\n",
        "  [ 0.03706627,  8.26294064, -0.05994015, -0.18731403, -0.30653099, -0.143545  ],\n",
        "  [ 0.02744133, -0.05994015,  9.95048832, -0.02297832, -0.53238647, 0.23935432],\n",
        "  [ 0.04382603, -0.18731403, -0.02297832,  7.674221,   -0.04835262, 0.20729824],\n",
        "  [-0.01295311, -0.30653099, -0.53238647, -0.04835262,  6.96408592, 0.28418243],\n",
        "  [ 2.11360294, -0.143545,    0.23935432,  0.20729824,  0.28418243, 8.33384026]])\n",
        "\n",
        "qfi_7n_cyc_9p_non = np.array([[5.89555359e+00, -9.38864136e-02,  2.74129219e-01, -5.77305984e-02,  -5.98220825e-03, -7.34175491e-02,  2.35515594e-02,  1.57173191e+00, 5.42837715e-01],\n",
        "  [-9.38864136e-02,  8.10621025e+00, -3.50699730e-01, -1.02499390e-02,  7.56990814e-02, -3.04031181e-01,  5.81714630e-03,  1.50887909e-01, -8.84418488e-03],\n",
        "  [ 2.74129219e-01, -3.50699730e-01,  8.48429832e+00, -3.31048927e-01,  -4.78465919e-01,  3.97695313e-01, -1.39575768e-01,  3.58813438e-01, -3.41632843e-02],\n",
        "  [-5.77305984e-02, -1.02499390e-02, -3.31048927e-01,  7.82507870e+00,  6.62462234e-01,  2.31185532e-01,  4.77196884e-02,  4.93056107e-02, -9.25658035e-02],\n",
        "  [-5.98220825e-03,  7.56990814e-02, -4.78465919e-01,  6.62462234e-01,  7.83166168e+00, -5.65964203e-01, -5.96344376e-02,  9.41834641e-02, 3.69881020e-01],\n",
        "  [-7.34175491e-02, -3.04031181e-01,  3.97695313e-01,  2.31185532e-01,  -5.65964203e-01,  8.03783966e+00,  8.82223129e-02, -2.20965347e-01, -2.35199547e-01],\n",
        "  [ 2.35515594e-02,  5.81714630e-03, -1.39575768e-01,  4.77196884e-02,  -5.96344376e-02,  8.82223129e-02,  6.99659592e+00,  7.79055443e-01, 3.12038765e-01],\n",
        "  [ 1.57173191e+00,  1.50887909e-01,  3.58813438e-01,  4.93056107e-02,  9.41834641e-02, -2.20965347e-01,  7.79055443e-01,  7.39037815e+00, 7.39791679e-01],\n",
        "  [ 5.42837715e-01, -8.84418488e-03, -3.41632843e-02, -9.25658035e-02,  3.69881020e-01, -2.35199547e-01,  3.12038765e-01,  7.39791679e-01, 8.03109501e+00]])\n",
        "\n",
        "qfi_7n_cyc_9p_ent = np.array([[6.33026489, -0.12694027,  0.15966728, -0.08890995,  0.18365658,  -0.12533787,  0.0166478,   2.41473671,  0.26389034],\n",
        "  [-0.12694027,  7.99340645,  0.01304062, -0.11730377,  0.10192394,  0.12953125, -0.04376427,  0.10912014,  3.69550499],\n",
        "  [ 0.15966728,  0.01304062,  7.77603729, -0.10861378,  0.23701084,  -0.15582138,  0.09519341, -0.286791,   -0.01263924],\n",
        "  [-0.08890995, -0.11730377, -0.10861378, 11.18613583,  0.20118538,  0.03104397,  0.26186512,  0.09021233, -0.18523243],\n",
        "  [ 0.18365658,  0.10192394,  0.23701084,  0.20118538,  8.38431404,  0.05012871, -0.1542841,   0.04511917, -0.16834106],\n",
        "  [-0.12533787,  0.12953125, -0.15582138,  0.03104397,  0.05012871,  7.31296448,  0.13388508, -0.06275475,  0.06815079],\n",
        "  [ 0.0166478,  -0.04376427,  0.09519341,  0.26186512, -0.1542841,  0.13388508,  7.02782619, -0.24823376, -0.11345066],\n",
        "  [ 2.41473671,  0.10912014, -0.286791,    0.09021233,  0.04511917,  -0.06275475, -0.24823376,  8.84862488,  0.66143021],\n",
        "  [ 0.26389034,  3.69550499, -0.01263924, -0.18523243, -0.16834106,  0.06815079, -0.11345066,  0.66143021,  8.03479729]])\n",
        "\n",
        "### RX-RY 7 NODE COMPLETE ###\n",
        "qfi_7n_com_3p_non = np.array([[ 1.58744624e+01,  6.43856049e-03, -6.44210464e+00],\n",
        "  [ 6.43856049e-03,  1.76900619e+01,  1.03080750e-03],\n",
        "  [-6.44210464e+00,  1.03080750e-03,  2.10181297e+01]])\n",
        "\n",
        "qfi_7n_com_3p_ent = np.array([[17.01203629,  0.09153202, -7.61818169],\n",
        "  [ 0.09153202,  7.37398441, -0.31116093],\n",
        "  [-7.61818169, -0.31116093, 20.93217285]])\n",
        "\n",
        "qfi_7n_com_6p_non = np.array([[ 1.59963494e+01,  1.68228149e-05,  3.35175323e-02, -1.26750111e+00, -6.25400135e+00,  3.85788742e+00],\n",
        "  [ 1.68228149e-05,  1.80214027e+01, -3.89420395e-01,  3.97380257e-01, 5.96952057e-01,  7.72289658e-02],\n",
        "  [ 3.35175323e-02, -3.89420395e-01,  1.84715466e+01, -2.24533272e-01, -8.40591431e-03,  7.32181358e-01],\n",
        "  [-1.26750111e+00,  3.97380257e-01, -2.24533272e-01,  1.67699503e+01, 7.28123894e-01, -7.52980843e-01],\n",
        "  [-6.25400135e+00,  5.96952057e-01, -8.40591431e-03,  7.28123894e-01, 2.09396912e+01, -6.75620842e-01],\n",
        "  [ 3.85788742e+00,  7.72289658e-02,  7.32181358e-01, -7.52980843e-01, -6.75620842e-01,  6.26432584e+01]])\n",
        "\n",
        "qfi_7n_com_6p_ent = np.array([[ 1.72698076e+01, -1.24631004e-01,  2.46831818e-01,  9.75936127e-02, -6.55158543e+00,  1.58585221e+01],\n",
        "  [-1.24631004e-01,  1.10905797e+01, -6.63769531e-02, -7.99212265e-02, -3.24820404e-01, -3.72205009e-01],\n",
        "  [ 2.46831818e-01, -6.63769531e-02,  7.34590996e+00, -6.86698151e-02, -9.88104630e-02,  8.30954781e-01],\n",
        "  [ 9.75936127e-02, -7.99212265e-02, -6.86698151e-02,  7.85045597e+00, 3.49448395e-02,  4.58073158e-01],\n",
        "  [-6.55158543e+00, -3.24820404e-01, -9.88104630e-02,  3.49448395e-02, 2.10020381e+01, -6.22356758e+00],\n",
        "  [ 1.58585221e+01, -3.72205009e-01,  8.30954781e-01,  4.58073158e-01, -6.22356758e+00,  6.27362177e+01]])\n",
        "\n",
        "qfi_7n_com_9p_non = np.array([[ 1.62997482e+01,  8.16845779e-01,  7.17754173e-01, -3.84857559e-02,  7.05954285e-01, -9.76824188e-01, -6.68063820e+00,  3.04867962e+00,\n",
        "   -1.17150642e+00],\n",
        "  [ 8.16845779e-01,  1.73027570e+01,  2.14822876e+00, -1.56105042e-01,  -4.36248703e-01,  6.60454750e-01,  1.02182693e-01, -4.11127434e-01,\n",
        "   -6.29966660e-01],\n",
        "  [ 7.17754173e-01,  2.14822876e+00,  1.91166196e+01,  7.59744263e-01,  -2.86850281e-01,  3.73656387e-01, -2.94597816e-01, -1.25319435e+00,\n",
        "   -1.93323120e+00],\n",
        "  [-3.84857559e-02, -1.56105042e-01,  7.59744263e-01,  1.86763699e+01,  -3.21645584e-01,  7.84994431e-01,  4.21760559e-03, -3.67490234e-01,\n",
        "    2.04454487e+00],\n",
        "  [ 7.05954285e-01, -4.36248703e-01, -2.86850281e-01, -3.21645584e-01,  1.80605018e+01, -4.71947327e-01, -1.87280273e-01, -1.04682835e+00,\n",
        "   -3.75914574e-01],\n",
        "  [-9.76824188e-01,  6.60454750e-01,  3.73656387e-01,  7.84994431e-01,  -4.71947327e-01,  1.79474439e+01,  2.69499664e-01, -1.42125721e+00,\n",
        "   -5.28046455e-01],\n",
        "  [-6.68063820e+00,  1.02182693e-01, -2.94597816e-01,  4.21760559e-03,  -1.87280273e-01,  2.69499664e-01,  2.10767529e+01, -1.69829964e+00,\n",
        "    1.74199902e+00],\n",
        "  [ 3.04867962e+00, -4.11127434e-01, -1.25319435e+00, -3.67490234e-01,  -1.04682835e+00, -1.42125721e+00, -1.69829964e+00,  6.12994263e+01,\n",
        "   -1.04626954e+01],\n",
        "  [-1.17150642e+00, -6.29966660e-01, -1.93323120e+00,  2.04454487e+00,  -3.75914574e-01, -5.28046455e-01,  1.74199902e+00, -1.04626954e+01,\n",
        "    7.00328534e+01]])\n",
        "\n",
        "qfi_7n_com_9p_ent = np.array([[1.90646869e+01, -7.79838257e-01, -2.37170067e-01, -2.41487846e-01,  7.11612701e-02,  2.03210068e-02, -6.97088634e+00,  1.72476240e+01,\n",
        "    3.00817463e+00],\n",
        "  [-7.79838257e-01,  1.08205490e+01, -8.31989288e-03, -3.18125534e-01,  -1.02307510e-02,  1.40305939e-01,  2.09728622e-02,  6.07592392e-02,\n",
        "    5.77149651e+00],\n",
        "  [-2.37170067e-01, -8.31989288e-03,  9.50536560e+00, -1.34948692e-01,  2.62971115e-02, -1.21160660e-01,  2.82105637e-01, -1.04813766e+00,\n",
        "   -4.27445869e-01],\n",
        "  [-2.41487846e-01, -3.18125534e-01, -1.34948692e-01,  7.56736446e+00,  2.49254608e-02, -8.64850998e-02,  5.36349869e-01,  8.14741135e-02,\n",
        "   -5.21873741e-01],\n",
        "  [ 7.11612701e-02, -1.02307510e-02,  2.62971115e-02,  2.49254608e-02,  8.27198185e+00, -1.16442528e-01,  9.97914124e-02,  2.32399406e-01,\n",
        "    1.42164154e-01],\n",
        "  [ 2.03210068e-02,  1.40305939e-01, -1.21160660e-01, -8.64850998e-02,  -1.16442528e-01,  7.36787582e+00, -6.79119492e-02,  1.42154388e-01,\n",
        "    1.03389587e-01],\n",
        "  [-6.97088634e+00,  2.09728622e-02,  2.82105637e-01,  5.36349869e-01,  9.97914124e-02, -6.79119492e-02,  2.10993729e+01, -7.78698280e+00,\n",
        "   -1.53604385e+00],\n",
        "  [ 1.72476240e+01,  6.07592392e-02, -1.04813766e+00,  8.14741135e-02,  2.32399406e-01,  1.42154388e-01, -7.78698280e+00,  6.58518772e+01,\n",
        "    6.80752892e+00],\n",
        "  [ 3.00817463e+00,  5.77149651e+00, -4.27445869e-01, -5.21873741e-01,  1.42164154e-01,  1.03389587e-01, -1.53604385e+00,  6.80752892e+00,\n",
        "    4.08948115e+01]])\n",
        "\n",
        "### RX-RY 10 NODE CYCLIC ###\n",
