import numpy as np
import matplotlib.pyplot as plt
import seaborn as sns


qfi_7n_com_9p_CYC_ENT_1D_rxry = np.array([[ 1.60625261e+01, -2.56079102e-02, -5.07400131e-02,  1.11283264e-01, -3.25912857e-02,  5.30820885e-01, -6.18121227e+00,  1.13519755e+01, 6.77514256e+00],
                                          [-2.56079102e-02,  1.09480631e+01, -1.53587532e-01,  3.10743561e-01, 4.84910202e-02, -6.91672173e-01, -2.51772995e-01,  2.39994431e-02, -3.43851051e-01],
                                          [-5.07400131e-02, -1.53587532e-01,  1.41509022e+01, -6.76898575e-02, -1.45743523e-01, -7.11872101e-03,  2.74092178e-01,  8.41608391e-01, 1.86270943e-01],
                                          [ 1.11283264e-01,  3.10743561e-01, -6.76898575e-02,  7.24189419e+00, 4.08049965e-01,  4.25015945e-01,  2.15589294e-01,  2.42874031e-01, -1.00138512e-01],
                                          [-3.25912857e-02,  4.84910202e-02, -1.45743523e-01,  4.08049965e-01, 1.02807412e+01, -4.42229233e-01, -9.52446747e-02, -1.77402653e+00, -6.39108047e-01],
                                          [ 5.30820885e-01, -6.91672173e-01, -7.11872101e-03,  4.25015945e-01, -4.42229233e-01,  1.16373958e+01, -4.02466507e-01,  1.47641296e+00, 1.25187382e+00],
                                          [-6.18121227e+00, -2.51772995e-01,  2.74092178e-01,  2.15589294e-01, -9.52446747e-02, -4.02466507e-01,  2.10363545e+01, -5.25699650e+00, -3.23186375e+00],
                                          [ 1.13519755e+01,  2.39994431e-02,  8.41608391e-01,  2.42874031e-01, -1.77402653e+00,  1.47641296e+00, -5.25699650e+00,  6.59627842e+01, 7.68870384e+00],
                                          [ 6.77514256e+00, -3.43851051e-01,  1.86270943e-01, -1.00138512e-01, -6.39108047e-01,  1.25187382e+00, -3.23186375e+00,  7.68870384e+00, 5.48348627e+01]])

qfi_7n_com_9p_CYC_ENT_2D_rxry = np.array([[ 1.56125152e+01, -2.53221550e-01,  1.39017105e-02,  3.71969986e-02, -1.88794556e-01,  5.59826660e-02, -6.37858719e+00,  1.14354733e+01, 1.94568169e+00],
                                          [-2.53221550e-01,  1.10783633e+01,  1.61342049e-01, -3.82334518e-02, -2.11094284e-02, -2.32652588e-01,  3.37493172e-01, -8.73465691e-01, 2.21020458e+00],
                                          [ 1.39017105e-02,  1.61342049e-01,  8.30421310e+00,  1.13019104e-01, 5.15554047e-02, -2.18186455e-01, -3.04505920e-02, -5.29400253e-02, 1.71284256e-01],
                                          [ 3.71969986e-02, -3.82334518e-02,  1.13019104e-01,  7.46986931e+00, -1.12230759e-01,  6.59117889e-02, -1.48210258e-01, -1.94584618e-01, -4.68610382e-02],
                                          [-1.88794556e-01, -2.11094284e-02,  5.15554047e-02, -1.12230759e-01, 7.45142170e+00,  1.37580299e-01,  5.44669342e-02, -3.88185349e-01, -1.16438560e-01],
                                          [ 5.59826660e-02, -2.32652588e-01, -2.18186455e-01,  6.59117889e-02, 1.37580299e-01,  8.56425331e+00, -9.60905075e-02,  5.66100540e-01, -2.17706528e-01],
                                          [-6.37858719e+00,  3.37493172e-01, -3.04505920e-02, -1.48210258e-01, 5.44669342e-02, -9.60905075e-02,  2.08345190e+01, -7.04471634e+00, -1.27948635e+00],
                                          [ 1.14354733e+01, -8.73465691e-01, -5.29400253e-02, -1.94584618e-01, -3.88185349e-01,  5.66100540e-01, -7.04471634e+00,  6.55926097e+01, 2.43677559e+00],
                                          [ 1.94568169e+00,  2.21020458e+00,  1.71284256e-01, -4.68610382e-02, -1.16438560e-01, -2.17706528e-01, -1.27948635e+00,  2.43677559e+00, 3.88924479e+01]])

qfi_7n_com_9p_CYC_ENT_3D_rxry = np.array([[ 1.70234671e+01,  2.01597977e-02, -1.31548271e-01, -7.92358017e-02, -1.09294128e-02,  9.57008362e-03, -6.29577808e+00,  1.19894876e+01, 2.67626476e+00],
                                  [ 2.01597977e-02,  1.01537922e+01, -2.06150055e-02, -6.00872040e-03, -2.03044128e-02, -3.43091965e-02,  1.40537643e-01, -8.75427551e-01, 1.87097736e+00],
                                  [-1.31548271e-01, -2.06150055e-02,  8.10907608e+00, -8.16449738e-02, 6.69148636e-02, -6.60194397e-03,  2.73462601e-01, -1.40891380e-01, 1.53601074e-02],
                                  [-7.92358017e-02, -6.00872040e-03, -8.16449738e-02,  7.54067188e+00, -9.58454132e-03,  2.52363968e-02,  2.27729607e-01, -2.10201836e-01, 1.80512619e-02],
                                  [-1.09294128e-02, -2.03044128e-02,  6.69148636e-02, -9.58454132e-03, 7.30344379e+00, -9.09798431e-02,  5.54767609e-02, -9.25172043e-02, -1.85341835e-01],
                                  [ 9.57008362e-03, -3.43091965e-02, -6.60194397e-03,  2.52363968e-02, -9.09798431e-02,  7.09344990e+00,  2.19923782e-02,  1.73066750e-01, -3.96496887e-01],
                                  [-6.29577808e+00,  1.40537643e-01,  2.73462601e-01,  2.27729607e-01, 5.54767609e-02,  2.19923782e-02,  2.08964480e+01, -6.57441017e+00, -6.91212082e-01],
                                  [ 1.19894876e+01, -8.75427551e-01, -1.40891380e-01, -2.10201836e-01, -9.25172043e-02,  1.73066750e-01, -6.57441017e+00,  6.60317496e+01, 1.88256107e+00],
                                  [ 2.67626476e+00,  1.87097736e+00,  1.53601074e-02,  1.80512619e-02, -1.85341835e-01, -3.96496887e-01, -6.91212082e-01,  1.88256107e+00, 3.87700134e+01]])

qfi_7n_com_9p_COM_ENT_1D_rxry = np.array([[ 1.69589645e+01, -2.53220825e-01,  1.24373512e-01, -1.01874962e-01, -5.02245483e-01, -1.30672455e+00, -6.50539650e+00,  1.34500983e+01, 7.67562080e+00],
                                          [-2.53220825e-01,  1.08677028e+01,  1.17643661e-01, -6.43948975e-01, -8.96826935e-02, -1.59104767e-01, -9.72615814e-02, -1.30688019e-01, 1.72303009e-01],
                                          [ 1.24373512e-01,  1.17643661e-01,  1.35829038e+01,  2.65177383e-01, 1.80569000e-01,  2.88749352e-01,  3.91286049e-01,  1.60280380e-01, -1.86222000e-01],
                                          [-1.01874962e-01, -6.43948975e-01,  2.65177383e-01,  7.55737629e+00, 2.91391754e-02,  6.69415665e-02,  3.50745010e-01, -6.43621902e-01, 1.02647053e+00],
                                          [-5.02245483e-01, -8.96826935e-02,  1.80569000e-01,  2.91391754e-02, 1.00400505e+01,  1.30728149e-01,  6.74571190e-01, -5.95727234e-01, -1.19215157e+00],
                                          [-1.30672455e+00, -1.59104767e-01,  2.88749352e-01,  6.69415665e-02, 1.30728149e-01,  1.19408279e+01,  7.17855797e-01, -9.18645325e-01, -9.21584740e-01],
                                          [-6.50539650e+00, -9.72615814e-02,  3.91286049e-01,  3.50745010e-01, 6.74571190e-01,  7.17855797e-01,  2.10206395e+01, -6.61989861e+00, -3.08688778e+00],
                                          [ 1.34500983e+01, -1.30688019e-01,  1.60280380e-01, -6.43621902e-01, -5.95727234e-01, -9.18645325e-01, -6.61989861e+00,  5.74655217e+01, 5.57324371e+00],
                                          [ 7.67562080e+00,  1.72303009e-01, -1.86222000e-01,  1.02647053e+00, -1.19215157e+00, -9.21584740e-01, -3.08688778e+00,  5.57324371e+00, 5.21554486e+01]])

qfi_7n_com_9p_COM_ENT_2D_rxry = np.array([[ 1.64682210e+01,  8.31866837e-01, -3.30279541e-02, -1.53312302e-02, 1.77290077e-01, -1.70815239e-01, -7.36337677e+00,  1.39959081e+01, 2.61489388e+00],
                                          [ 8.31866837e-01,  1.15900683e+01, -1.91885376e-01, -2.04714890e-01, -7.97653198e-03,  2.18790016e-01, -5.80240364e-01, -1.33563858e+00, 6.67481453e+00],
                                          [-3.30279541e-02, -1.91885376e-01,  8.88170578e+00,  6.11106873e-03, 1.76334915e-01, -1.63251991e-01, -2.97396774e-01, -5.32440567e-02, -3.26229477e-02],
                                          [-1.53312302e-02, -2.04714890e-01,  6.11106873e-03,  7.24972034e+00, -6.85915756e-02,  6.24675751e-02,  7.29798508e-02, -1.47334709e-01, -4.22484283e-01],
                                          [ 1.77290077e-01, -7.97653198e-03,  1.76334915e-01, -6.85915756e-02, 8.02359978e+00, -2.32287674e-01, -3.50489044e-02,  3.92193184e-01, -5.84537010e-01],
                                          [-1.70815239e-01,  2.18790016e-01, -1.63251991e-01,  6.24675751e-02, -2.32287674e-01,  9.22346249e+00, -8.20848465e-02, -1.09105759e-01, -1.77345238e-01],
                                          [-7.36337677e+00, -5.80240364e-01, -2.97396774e-01,  7.29798508e-02, -3.50489044e-02, -8.20848465e-02,  2.09597464e+01, -5.81560856e+00, -1.64751625e+00],
                                          [ 1.39959081e+01, -1.33563858e+00, -5.32440567e-02, -1.47334709e-01, 3.92193184e-01, -1.09105759e-01, -5.81560856e+00,  6.49058585e+01, 3.65480518e+00],
                                          [ 2.61489388e+00,  6.67481453e+00, -3.26229477e-02, -4.22484283e-01, -5.84537010e-01, -1.77345238e-01, -1.64751625e+00,  3.65480518e+00, 4.19804160e+01]])

qfi_7n_com_9p_COM_ENT_3D_rxry = np.array([[1.90646869e+01, -7.79838257e-01, -2.37170067e-01, -2.41487846e-01,  7.11612701e-02,  2.03210068e-02, -6.97088634e+00,  1.72476240e+01, 3.00817463e+00],
                                     [-7.79838257e-01,  1.08205490e+01, -8.31989288e-03, -3.18125534e-01,  -1.02307510e-02,  1.40305939e-01,  2.09728622e-02,  6.07592392e-02, 5.77149651e+00],
                                     [-2.37170067e-01, -8.31989288e-03,  9.50536560e+00, -1.34948692e-01,  2.62971115e-02, -1.21160660e-01,  2.82105637e-01, -1.04813766e+00, -4.27445869e-01],
                                     [-2.41487846e-01, -3.18125534e-01, -1.34948692e-01,  7.56736446e+00,  2.49254608e-02, -8.64850998e-02,  5.36349869e-01,  8.14741135e-02, -5.21873741e-01],
                                     [ 7.11612701e-02, -1.02307510e-02,  2.62971115e-02,  2.49254608e-02,  8.27198185e+00, -1.16442528e-01,  9.97914124e-02,  2.32399406e-01, 1.42164154e-01],
                                     [ 2.03210068e-02,  1.40305939e-01, -1.21160660e-01, -8.64850998e-02,  -1.16442528e-01,  7.36787582e+00, -6.79119492e-02,  1.42154388e-01, 1.03389587e-01],
                                     [-6.97088634e+00,  2.09728622e-02,  2.82105637e-01,  5.36349869e-01,  9.97914124e-02, -6.79119492e-02,  2.10993729e+01, -7.78698280e+00, -1.53604385e+00],
                                     [ 1.72476240e+01,  6.07592392e-02, -1.04813766e+00,  8.14741135e-02,  2.32399406e-01,  1.42154388e-01, -7.78698280e+00,  6.58518772e+01, 6.80752892e+00],
                                     [ 3.00817463e+00,  5.77149651e+00, -4.27445869e-01, -5.21873741e-01,  1.42164154e-01,  1.03389587e-01, -1.53604385e+00,  6.80752892e+00, 4.08948115e+01]])


# Create a list of matrices and their titles
qfi_matrices = [qfi_7n_com_9p_CYC_ENT_1D_rxry, qfi_7n_com_9p_COM_ENT_1D_rxry, qfi_7n_com_9p_CYC_ENT_2D_rxry, qfi_7n_com_9p_COM_ENT_2D_rxry, qfi_7n_com_9p_CYC_ENT_3D_rxry, qfi_7n_com_9p_COM_ENT_3D_rxry]
titles = ['QFI CYC-ENT 1 E-S', 'QFI COM-ENT 1 E-S', 'QFI CYC-ENT 2 E-S', 'QFI COM-ENT 2 E-S', 'QFI CYC-ENT 3 E-S', 'QFI COM-ENT 3 E-S']

# Set up the figure and axes
fig, axes = plt.subplots(3, 2, figsize=(13, 10))

# Use a single color bar for all subplots
vmin = min([matrix.min() for matrix in qfi_matrices])
vmax = max([matrix.max() for matrix in qfi_matrices])

# Plot each matrix as a heatmap
for i, ax in enumerate(axes.flat):
    sns.heatmap(qfi_matrices[i], ax=ax, annot=True, cmap='crest', linewidth=0.5, vmin=vmin, vmax=vmax, cbar=i == 0,
                cbar_ax=None if i else fig.add_axes([.91, .3, .03, .4]))
    ax.set_title(titles[i])

# Adjust layout
plt.tight_layout(rect=[0, 0, .9, 1])
plt.show()
